06830
90210
60045
06880
10022
60093
07901
30327
78746
90272
77024
95070
10021
10583
75225
75205
10028
77005
94024
98053
10708
90274
10128
06877
07450
07920
10023
90049
60010
20854
60521
10017
75093
22102
98040
10024
08540
91302
60611
33496
92660
06430
98029
30305
60091
22101
60035
07090
94062
20815
92679
02116
90266
98004
20817
11530
19010
63141
22182
19087
94123
98072
30097
94010
95032
10019
11791
60564
95120
94549
77381
55347
10036
94025
90024
33156
60062
11050
75230
98006
94941
37027
60015
75019
60047
07039
32082
92651
77479
75025
30022
07960
98112
01890
98052
92130
19355
46032
07869
6004